40.5369987487793 -82.12859344482422
0.0 0.0
47.60150146484375 -122.33039855957031
31.299999237060547 34.45000076293945
0.0 0.0
0.0 0.0
31.299999237060547 34.45000076293945
31.299999237060547 34.45000076293945
53.35388946533203 -6.243333339691162
52.349998474121094 4.916999816894531
0.0 0.0
0.0 0.0
37.775001525878906 -122.41832733154297
0.0 0.0
52.349998474121094 4.916999816894531
0.0 0.0
53.35388946533203 -6.243333339691162
31.299999237060547 34.45000076293945
31.299999237060547 34.45000076293945
37.775001525878906 -122.41832733154297
52.29999923706055 5.449999809265137
37.775001525878906 -122.41832733154297
0.0 0.0
37.775001525878906 -122.41832733154297
37.775001525878906 -122.41832733154297
31.299999237060547 34.45000076293945
0.0 0.0
0.0 0.0
40.5369987487793 -82.12859344482422
31.299999237060547 34.45000076293945
31.299999237060547 34.45000076293945
0.0 0.0
0.0 0.0
0.0 0.0
0.0 0.0
0.0 0.0
0.0 0.0
0.0 0.0
0.0 0.0
0.0 0.0
39.10771179199219 -94.53961181640625
31.299999237060547 34.45000076293945
31.299999237060547 34.45000076293945
39.10771179199219 -94.53961181640625
0.0 0.0
0.0 0.0
53.35388946533203 -6.243333339691162
31.299999237060547 34.45000076293945
53.35388946533203 -6.243333339691162
31.299999237060547 34.45000076293945
31.299999237060547 34.45000076293945
0.0 0.0
53.35388946533203 -6.243333339691162
31.299999237060547 34.45000076293945
0.0 0.0
45.83599853515625 -119.6989974975586
53.35388946533203 -6.243333339691162
